¸ 1 5 4 6
ò 2 2 1 1
ü 2 2 1 2
î 2 2 2 2
ð 2 2 2 1
í 2 2 2 1
ã 2 2 3 2
7 2 2 4 2
? 2 2 4 2
á 2 3 1 3
ë 2 3 2 3
ø 2 3 3 3
8 2 3 4 3
9 2 3 4 4
* 2 3 4 3
( 2 3 4 4
þ 2 4 1 4
ä 2 4 2 4 
ù 2 4 3 4
0 2 4 4 5
) 2 4 4 5
. 2 5 1 5
, 2 5 1 5
æ 2 5 2 5
ý 2 5 2 6
õ 2 5 3 6
ú 2 5 3 7
- 2 5 4 6
= 2 5 4 7
+ 2 5 4 7
ñ 1 3 1 3
ì 1 2 1 2
è 1 2 1 1
à 1 2 2 2
ï 1 2 2 1
ê 1 2 3 2
å 1 2 3 1
5 1 2 4 2
6 1 2 4 1
% 1 2 4 2
: 1 2 4 1
÷ 1 4 1 4
â 1 3 2 3
ó 1 3 3 3
3 1 4 4 4
4 1 3 4 3
¹ 1 4 4 4
; 1 3 4 3
ÿ 1 5 1 5
û 1 4 2 4
ö 1 4 3 4
1 1 5 4 6
2 1 5 4 5
! 1 5 4 6
" 1 5 4 5
ô 1 5 2 5
é 1 5 3 5