~ 1 5 4 6
` 1 5 4 6
! 1 5 4 5
1 1 5 4 5
q 1 5 3 5
a 1 5 2 5
z 1 5 1 5
@ 1 4 4 4
2 1 4 4 4
w 1 4 3 4
s 1 4 2 4
x 1 4 1 4
# 1 3 4 3
3 1 3 4 3
e 1 3 3 3
d 1 3 2 3
c 1 3 1 3
$ 1 2 4 2
4 1 2 4 2
r 1 2 3 2
f 1 2 2 2
v 1 2 1 2
% 1 2 4 1
5 1 2 3 1
t 1 2 3 1
g 1 2 2 1
b 1 2 1 1
^ 2 2 4 1
6 2 2 4 1
y 2 2 3 1 
h 2 2 2 1
n 2 2 1 1
& 2 2 4 2
7 2 2 4 2
u 2 2 3 2
j 2 2 2 2
m 2 2 1 2 
* 2 3 4 3
8 2 3 4 3
i 2 3 3 3
k 2 3 2 3
, 2 3 1 3
< 2 3 1 3
( 2 4 4 4 
9 2 4 4 4
o 2 4 3 4
l 2 4 2 4
. 2 4 1 4
> 2 4 1 4
) 2 5 4 5
0 2 5 4 5
: 2 5 2 5
; 2 5 2 5
p 2 5 3 5
/ 2 5 1 5
? 2 5 1 5
- 2 5 4 6
_ 2 5 4 6
{ 2 5 3 6
[ 2 5 3 6
' 2 5 2 6
" 2 5 2 6
+ 2 5 4 7
= 2 5 4 7
} 2 5 3 7 
] 2 5 3 7