~ 1 5 4 6
` 1 5 4 6
! 1 5 4 5
1 1 5 4 5
" 1 5 3 5
' 1 5 3 5
a 1 5 2 5
: 1 5 1 5
; 1 5 1 5
@ 1 4 4 4
2 1 4 4 4
< 1 4 3 4
, 1 4 3 4
0 1 4 2 4
q 1 4 1 4
# 1 3 4 3
3 1 3 4 3
> 1 3 3 3
. 1 3 3 3
e 1 3 2 3
j 1 3 1 3
$ 1 2 4 2
4 1 2 4 2
p 1 2 3 2
u 1 2 2 2
k 1 2 1 2
% 1 2 4 1
5 1 2 3 1
y 1 2 3 1
i 1 2 2 1
x 1 2 1 1
^ 2 2 4 1
6 2 2 4 1
f 2 2 3 1 
d 2 2 2 1
b 2 2 1 1
& 2 2 4 2
7 2 2 4 2
g 2 2 3 2
h 2 2 2 2
m 2 2 1 2 
* 2 3 4 3
8 2 3 4 3
c 2 3 3 3
t 2 3 2 3
w 2 3 1 3
( 2 4 4 4 
9 2 4 4 4
r 2 4 3 4
n 2 4 2 4
v 2 4 1 4
) 2 5 4 5
0 2 5 4 5
l 2 5 3 5
s 2 5 2 5
z 2 5 1 5
{ 2 5 4 6
[ 2 5 4 6
? 2 5 3 6
/ 2 5 3 6
- 2 5 2 6
_ 2 5 2 6
} 2 5 4 7
] 2 5 4 7
+ 2 5 3 7 
= 2 5 3 7